"Wavelength, µm","k"
0.001737709,0.000132914
0.001740179,0.000134612
0.001742669,0.000135253
0.001745199,0.000136325
0.001747679,0.000135851
0.001750189,0.000135771
0.001752679,0.000135338
0.001755199,0.000138289
0.001757659,0.000138395
0.001760209,0.000137945
0.00176269,0.000140532
0.00176515,0.00014046
0.0017677,0.000141444
0.00177021,0.000142897
0.00177267,0.000143643
0.0017752,0.000142822
0.00177771,0.000143945
0.00178016,0.000142528
0.0017827,0.000145386
0.00178519,0.000146054
0.00178769,0.000148228
0.00179021,0.000146954
0.001792711,0.00014866
0.001795211,0.000147082
0.001797681,0.000148057
0.001800181,0.000149353
0.001802691,0.000151357
0.001805171,0.000150734
0.001807711,0.000151396
0.001810161,0.000154066
0.001812711,0.000153091
0.001815221,0.000155154
0.001817691,0.000156627
0.001820201,0.000155413
0.001822712,0.000155056
0.001825162,0.000158445
0.001827682,0.000158287
0.001830192,0.00015671
0.001832702,0.000160561
0.001835222,0.000158429
0.001837692,0.000158149
0.001840202,0.000162131
0.001842652,0.000163639
0.001845172,0.000164772
0.001847702,0.000163301
0.001850192,0.000162128
0.001852693,0.00016622
0.001855213,0.000165754
0.001857713,0.000166702
0.001860193,0.000167485
0.001862693,0.000170498
0.001865213,0.000168693
0.001867693,0.000168655
0.001870183,0.000170028
0.001872703,0.000173382
0.001875173,0.000174406
0.001877693,0.000172658
0.001880224,0.000173755
0.001882664,0.000175523
0.001885214,0.00017518
0.001887714,0.000176642
0.001890174,0.000177699
0.001892694,0.000179155
0.001895214,0.000178285
0.001897694,0.000179862
0.001900214,0.000180707
0.001902684,0.000182747
0.001905184,0.00017955
0.001907724,0.000180577
0.001910195,0.000184313
0.001912695,0.000187277
0.001915185,0.000185285
0.001917685,0.00018893
0.001920195,0.000186314
0.001922695,0.000188272
0.001925195,0.000187268
0.001927685,0.000191325
0.001930165,0.000192163
0.001932705,0.000191803
0.001935175,0.000193476
0.001937705,0.00019528
0.001940216,0.000195025
0.001942666,0.000195845
0.001945186,0.000194983
0.001947686,0.000196731
0.001950176,0.000201023
0.001952706,0.000196744
0.001955206,0.000198514
0.001957666,0.000198825
0.001960196,0.00020086
0.001962706,0.000201233
0.001965196,0.000205005
0.001967676,0.000204733
0.001970217,0.000206091
0.001972717,0.000210199
0.001975167,0.000207483
0.001977717,0.000208206
0.001980177,0.000210237
0.001982697,0.000210769
0.001985207,0.000212887
0.001987667,0.000212902
0.001990197,0.000212795
0.001992737,0.000216005
0.001995157,0.000215584
0.001997697,0.000214396
0.002000208,0.000216329
0.002002668,0.00022026
0.002005168,0.000217438
0.002007688,0.000214331
0.002010188,0.000221348
0.002012708,0.000220899
0.002015198,0.000221156
0.002017698,0.000223627
0.002020188,0.000223912
0.002022708,0.000223541
0.002025198,0.000225407
0.002027698,0.000228141
0.002030219,0.000226261
0.002032689,0.000226496
0.002035199,0.00022895
0.002037709,0.000231557
0.002040199,0.000230765
0.002042699,0.000235069
0.002045219,0.000231086
0.002047689,0.000235087
0.002050209,0.000235913
0.002052689,0.000235453
0.002055209,0.00023618
0.002057729,0.000243016
0.0020602,0.000240298
0.0020627,0.000239114
0.00206521,0.000241282
0.00206768,0.000242028
0.00207023,0.000243425
0.0020727,0.000244174
0.0020752,0.000244411
0.00207772,0.000244595
0.00208019,0.000247411
0.00208271,0.000248945
0.0020852,0.000248944
0.002087711,0.000253962
0.002090221,0.000254101
0.002092691,0.000251505
0.002095191,0.000255375
0.002097681,0.000256208
0.002100211,0.00025547
0.002102711,0.000254576
0.002105201,0.000259237
0.002107721,0.000258135
0.002110211,0.000257812
0.002112691,0.000259536
0.002115191,0.000261901
0.002117702,0.000266641
0.002120202,0.000264373
0.002122692,0.000264464
0.002125192,0.000264175
0.002127712,0.000266743
0.002130212,0.000268236
0.002132702,0.000271755
0.002135182,0.000272338
0.002137672,0.000271743
0.002140222,0.000270081
0.002142682,0.000274592
0.002145182,0.000275083
0.002147713,0.000273675
0.002150223,0.000276799
0.002152673,0.000273956
0.002155213,0.000281753
0.002157683,0.000283484
0.002159763,0.000270536
0.002165013,0.000274534
0.002170103,0.000276418
0.002175183,0.000281993
0.002180214,0.000283219
0.002185224,0.000287297
0.002190244,0.000287239
0.002195284,0.000290355
0.002200244,0.000292644
0.002205264,0.000294668
0.002210285,0.000296057
0.002215255,0.000298314
0.002220275,0.000299633
0.002225265,0.000304496
0.002230255,0.000306407
0.002235295,0.00031205
0.002240296,0.000317335
0.002245256,0.000323921
0.002250266,0.000332193
0.002255296,0.000340807
0.002260256,0.00034794
0.002265277,0.00035471
0.002270267,0.000361174
0.002275257,0.000365425
0.002280267,0.00036941
0.002285257,0.000368921
0.002290257,0.000365911
0.002295298,0.000356231
0.002300288,0.000347582
0.002305258,0.00034753
0.002310268,0.000351697
0.002315288,0.000351804
0.002320278,0.000328716
0.002325279,0.000307287
0.002330289,0.000315841
0.002335259,0.000318404
0.002340299,0.000319753
0.002345289,0.000324675
0.002350249,0.000325517
0.00235528,0.000329056
0.00236027,0.000330798
0.00236529,0.000333668
0.00237028,0.000335502
0.00237526,0.000337688
0.00238028,0.000340694
0.002385281,0.000343621
0.002390271,0.000346708
0.002395261,0.000348551
0.002400271,0.000352651
0.002405301,0.000355375
0.002410251,0.000356432
0.002415272,0.000359789
0.002420272,0.000362916
0.002425312,0.000364081
0.002430282,0.000367076
0.002435292,0.000370784
0.002440282,0.000374185
0.002445283,0.000375821
0.002450273,0.000377436
0.002455283,0.000382987
0.002460253,0.000384146
0.002465303,0.000386765
0.002470283,0.000390111
0.002475274,0.000393054
0.002480294,0.000395006
0.002485284,0.000400004
0.002490304,0.000401677
0.002495294,0.000404974
0.002500264,0.000407858
0.002505275,0.000410874
0.002510305,0.000415297
0.002515265,0.000416964
0.002520285,0.000419308
0.002525275,0.000422566
0.002530285,0.000425065
0.002535286,0.000427949
0.002540266,0.000432345
0.002545266,0.000433697
0.002550286,0.000437247
0.002555266,0.00044081
0.002560266,0.000444498
0.002565287,0.000447105
0.002570277,0.00045033
0.002575297,0.000453942
0.002580257,0.000457545
0.002585297,0.000459613
0.002590287,0.000462727
0.002595308,0.000467492
0.002600298,0.000469938
0.002605268,0.000472969
0.002610288,0.000475511
0.002615298,0.000478524
0.002620288,0.000481522
0.002625279,0.000485075
0.002630299,0.000487692
0.002635269,0.000493383
0.002640279,0.000495907
0.002645299,0.000498559
0.00265027,0.000503631
0.00265531,0.000505794
0.00266028,0.000509816
0.00266527,0.000513263
0.00267028,0.000514203
0.0026753,0.00052107
0.002680291,0.00052342
0.002685251,0.000526663
0.002690301,0.000529825
0.002695291,0.000530351
0.002700311,0.000536151
0.002705281,0.000540069
0.002710302,0.000541155
0.002715262,0.000547164
0.002720312,0.000545227
0.002725272,0.000553192
0.002730292,0.000555712
0.002735282,0.000560186
0.002740293,0.000563475
0.002745283,0.000563884
0.002750273,0.000572045
0.002755273,0.000575128
0.002760313,0.000579298
0.002765303,0.000581057
0.002770264,0.000581511
0.002775284,0.000586044
0.002780304,0.00059209
0.002785294,0.000596575
0.002790284,0.000595484
0.002795304,0.00060528
0.002800295,0.000606353
0.002810465,0.000642808
0.002820475,0.000651418
0.002830486,0.000655571
0.002840506,0.000662077
0.002850486,0.000670743
0.002860497,0.000681051
0.002870477,0.000686906
0.002880457,0.000693806
0.002890478,0.000697319
0.002900428,0.000711515
0.002910538,0.00071484
0.002920519,0.000718124
0.002930469,0.000728321
0.002940509,0.00073753
0.00295053,0.000753528
0.00296051,0.00075951
0.00297049,0.000767452
0.002980411,0.00077689
0.002990521,0.000791485
0.003000531,0.000800485
0.003010512,0.000799244
0.003020462,0.000814653
0.003030512,0.000819645
0.003040553,0.000833243
0.003050503,0.000840264
0.003060483,0.00084638
0.003070434,0.000851446
0.003080544,0.000861076
0.003090494,0.000871708
0.003100415,0.000883314
0.003110525,0.000892074
0.003120475,0.000896196
0.003130516,0.000905603
0.003140496,0.000911475
0.003150446,0.000931075
0.003160497,0.000936551
0.003170537,0.000942639
0.003180457,0.000955224
0.003190508,0.000972486
0.003200488,0.000984516
0.003210498,0.000990515
0.003220509,0.00100305
0.003230499,0.00101431
0.003240479,0.00102749
0.00325049,0.0010382
0.00326054,0.00105237
0.00327052,0.00106451
0.003280501,0.00107799
0.003290451,0.00108877
0.003300491,0.00110329
0.003310542,0.00111505
0.003320492,0.00112793
0.003330472,0.00113901
0.003340523,0.00114913
0.003350563,0.00116626
0.003360483,0.00117788
0.003370524,0.0011905
0.003380444,0.0012033
0.003390555,0.00121602
0.003400505,0.00122814
0.003410485,0.00124447
0.003420505,0.00125425
0.003430516,0.00126636
0.003440526,0.00127812
0.003450507,0.00128381
0.003460487,0.00130151
0.003470447,0.00131681
0.003480518,0.00132974
0.003490558,0.00134046
0.003500478,0.00134938
0.003510499,0.00136093
0.003520539,0.00137477
0.003530519,0.0013916
0.00354047,0.0014018
0.00355052,0.00140782
0.00356053,0.00142665
0.003570511,0.0014417
0.003580501,0.00145336
0.003590511,0.00146597
0.003600482,0.00147783
0.003610542,0.00149559
0.003620542,0.00150428
0.003630563,0.00151746
0.003640483,0.00153264
0.003650493,0.00154133
0.003660544,0.00155539
0.003670494,0.00157384
0.003680534,0.0015844
0.003690485,0.00159529
0.003700565,0.00161099
0.003710515,0.00162473
0.003720466,0.00163847
0.003730516,0.00165078
0.003740486,0.00167248
0.003750597,0.00167845
0.003760497,0.00169465
0.003770507,0.00171342
0.003780518,0.00172509
0.003790558,0.00174507
0.003800568,0.00176492
0.003810499,0.00177846
0.003820539,0.00180173
0.003830459,0.00181317
0.00384057,0.00183523
0.00385055,0.00185367
0.0038605,0.00187426
0.003870541,0.00189097
0.003880521,0.00191527
0.003890501,0.00192557
0.003900522,0.00193766
0.003910472,0.00195959
0.003920582,0.0019796
0.003930563,0.00198443
0.003940513,0.00200242
0.003950533,0.00200738
0.003960544,0.00202546
0.003970584,0.00202912
0.003980494,0.00204141
0.003990475,0.00205162
0.004000495,0.00206218
0.004010515,0.00205687
0.004020526,0.00207635
0.004030536,0.00209533
0.004040516,0.00211891
0.004050537,0.00214053
0.004060587,0.00217802
0.004070498,0.00221343
0.004080458,0.00225916
0.004090528,0.00232124
0.004100538,0.0023872
0.004110509,0.00246108
0.004120499,0.00255301
0.004130519,0.00259143
0.00414054,0.00266075
0.00415051,0.00275265
0.004160561,0.00274055
0.004170531,0.00275886
0.004180551,0.00275503
0.004190542,0.00276907
0.004200492,0.00274475
0.004210532,0.00276282
0.004220533,0.00265125
0.004230593,0.00266237
0.004240543,0.00261785
0.004250544,0.00251567
0.004260534,0.00253454
0.004270564,0.00248654
0.004280555,0.00248243
0.004290515,0.00246891
0.004300525,0.00250132
0.004310496,0.00253369
0.004320576,0.00250177
0.004330506,0.00242674
0.004340487,0.0024113
0.004350537,0.00227174
0.004360507,0.00227107
0.004370578,0.00222142
0.004380568,0.00216386
0.004390518,0.00211864
0.004399519,0.00220841
0.004420289,0.00225427
0.0044405,0.00228246
0.004460621,0.00232501
0.004480671,0.00236971
0.004500712,0.00241121
0.004520693,0.002457
0.004540743,0.00250354
0.004560754,0.00254589
0.004580775,0.00259283
0.004600745,0.00263878
0.004620736,0.00268209
0.004640767,0.00272726
0.004660757,0.00276935
0.004680748,0.00281067
0.004700699,0.00284784
0.004720779,0.00288522
0.00474071,0.00292434
0.004760771,0.00296088
0.004780741,0.00299512
0.004800792,0.00303289
0.004820763,0.00306876
0.004840754,0.00310683
0.004860774,0.00314819
0.004880715,0.00318636
0.004900815,0.00322863
0.004920766,0.00326999
0.004940787,0.00331275
0.004960737,0.00335146
0.004980788,0.00338685
0.005000749,0.0034277
0.0050207,0.00346395
0.00504081,0.00349789
0.005060721,0.00352797
0.005080801,0.00355892
0.005100702,0.0035867
0.005120773,0.00361263
0.005140774,0.00363244
0.005160804,0.00365149
0.005180725,0.00366995
0.005200786,0.00368575
0.005220756,0.00371118
0.005240727,0.00373419
0.005260768,0.0037587
0.005280778,0.00378607
0.005300759,0.00381252
0.00532073,0.00385538
0.00534076,0.00389812
0.005360781,0.0039377
0.005380772,0.003989
0.005400782,0.00403811
0.005420783,0.00409962
0.005440744,0.00417039
0.005460775,0.00424071
0.005480835,0.00431887
0.005500726,0.00438358
0.005520837,0.00445619
0.005540797,0.00454276
0.005560778,0.00461273
0.005580749,0.00468752
0.005600769,0.00476352
0.00562078,0.00482016
0.005640721,0.00489081
0.005660781,0.00494763
0.005680782,0.00499892
0.005700793,0.00505245
0.005720753,0.00509536
0.005740804,0.00513785
0.005760785,0.00520404
0.005780825,0.00526382
0.005800756,0.00534198
0.005820827,0.00543944
0.005840787,0.00556462
0.005860748,0.00573017
0.005880769,0.00593421
0.005900809,0.00619221
0.00592081,0.00650711
0.005940731,0.00690945
0.005960861,0.00737315
0.005980762,0.00789029
0.006000793,0.00846375
0.006020813,0.00901905
0.006040764,0.00950607
0.006060785,0.0100146
0.006080755,0.0103638
0.006100806,0.0106887
0.006120777,0.0108755
0.006140837,0.0109926
0.006160828,0.0110443
0.006180849,0.0110835
0.006200729,0.0110667
0.0062208,0.0110213
0.006240801,0.0109483
0.006260781,0.0108869
0.006280802,0.010717
0.006300813,0.0104749
0.006320794,0.0100751
0.006340804,0.00964234
0.006360805,0.00909498
0.006380745,0.00864615
0.006400836,0.00828042
0.006420827,0.00804897
0.006440837,0.0082002
0.006460808,0.00811766
0.006480769,0.00804841
0.006500819,0.0076665
0.00652078,0.00668403
0.006540841,0.00550757
0.006560772,0.0038711
0.006580832,0.00219637
0.006600803,0.00117097
0.006620824,0.000773996
0.006640784,0.000693999
0.006660835,0.000667536
0.006680796,0.000673274
0.006700836,0.000683291
0.006720887,0.000697589
0.006740758,0.000696396
0.006760828,0.000693713
0.006780839,0.000699894
0.00680081,0.00071858
0.006890233,0.000663742
0.006930244,0.000679801
0.006970225,0.000684487
0.007010227,0.000699762
0.007050248,0.000716273
0.007090239,0.000732963
0.007130241,0.000737933
0.007170242,0.00075382
0.007210224,0.000770968
0.007250245,0.000788308
0.007290226,0.000792453
0.007330228,0.000810065
0.007370229,0.000817477
0.00741027,0.000822856
0.007450252,0.00083974
0.007490273,0.000857953
0.007530255,0.000876363
0.007570256,0.000880868
0.007610267,0.000899561
0.007650278,0.00091845
0.00769028,0.000936354
0.007730261,0.000942312
0.007770282,0.000961696
0.007810274,0.000981275
0.007850285,0.0009886
0.007890247,0.000994795
0.007930268,0.00101481
0.007970289,0.00103378
0.008010251,0.00105419
0.008050292,0.0010607
0.008090273,0.00108015
0.008130275,0.00110107
0.008170296,0.0011078
0.008210277,0.00112903
0.008250269,0.00114918
0.00829026,0.00117083
0.008330251,0.00117788
0.008370292,0.00118636
0.008410274,0.00120847
0.008564279,0.0013019
0.008636282,0.0013302
0.008708284,0.00134754
0.008780316,0.00137651
0.008852279,0.00140732
0.008924282,0.00143711
0.008996294,0.00147058
0.009068276,0.00150274
0.009140279,0.00153386
0.009212331,0.00156693
0.009284283,0.00158504
0.009356306,0.00161887
0.009428308,0.0016694
0.009500341,0.00170437
0.009572293,0.00172375
0.009644295,0.0017579
0.009716328,0.00179414
0.00978835,0.0018481
0.009860363,0.00187048
0.009932326,0.00190658
0.010004338,0.00194486
0.01007634,0.00198193
0.010148342,0.00200383
0.010220346,0.00206371
0.010292347,0.00210235
0.01036435,0.00214326
0.010436352,0.00218292
0.010508355,0.00220849
0.010580358,0.00224903
0.01065236,0.00231175
0.010724362,0.00235545
0.010796365,0.00238077
0.010868367,0.00242545
0.010940369,0.00246878
0.011012372,0.00253753
0.011198378,0.00260486
0.01122498,0.0026251
0.01125048,0.00263097
0.011275881,0.00266225
0.011300982,0.00267651
0.011326283,0.00269668
0.011351383,0.00271003
0.011376285,0.0027262
0.011401385,0.00275103
0.011426486,0.00277182
0.011451187,0.00278885
0.011476288,0.00280602
0.011501489,0.00282592
0.011526289,0.0028381
0.01155149,0.00286257
0.011576491,0.00288123
0.011601491,0.00290505
0.011626193,0.00291953
0.011651494,0.00294101
0.011676395,0.00296146
0.011701395,0.00297946
0.011726296,0.00299929
0.011751497,0.00301511
0.011776298,0.00304336
0.011801399,0.00305858
0.011826399,0.0030773
0.0118515,0.0031059
0.011876401,0.00312228
0.011901301,0.00314936
0.011926503,0.00316338
0.011951204,0.00319087
0.011976504,0.00320803
0.012001505,0.00322015
0.012026607,0.00325303
0.012051307,0.00326494
0.012076507,0.00330008
0.012101409,0.00332114
0.01212641,0.00333521
0.012151511,0.00335645
0.012176611,0.00338556
0.012201412,0.00340598
0.012226313,0.00342608
0.012251414,0.00344733
0.012276315,0.00346686
0.012301316,0.00348553
0.012326316,0.00349672
0.012351518,0.00353548
0.012376418,0.00354935
0.012401619,0.00357395
0.01242652,0.00359645
0.012451421,0.00361738
0.012476321,0.00364362
0.012498722,0.00364948
0.012550424,0.00368252
0.012601226,0.00374422
0.012651727,0.00378806
0.012701729,0.00382165
0.012751931,0.00386977
0.012801932,0.0039117
0.012851934,0.00397396
0.012902036,0.00401897
0.012951937,0.00404023
0.013001939,0.00411533
0.013052041,0.00416098
0.013101942,0.00420838
0.013152044,0.00426266
0.013201946,0.00430741
0.013251848,0.00434663
0.013301949,0.00439305
0.013352051,0.00445225
0.013402153,0.00448891
0.013451954,0.00453795
0.013502056,0.00457912
0.013552058,0.00465006
0.013602059,0.0046877
0.013652161,0.00473477
0.013701863,0.00479156
0.013751965,0.00483302
0.013802166,0.00488232
0.013851968,0.00493528
0.01390217,0.00499072
0.013951971,0.00504766
0.014001973,0.00509958
0.014052075,0.00514986
0.014101976,0.0051906
0.014151978,0.00526102
0.01420188,0.00530811
0.014251981,0.00536799
0.014302083,0.00538825
0.014351985,0.00545231
0.014402086,0.00550383
0.014451988,0.00556181
0.01450199,0.00561978
0.014552192,0.00568868
0.014602093,0.00574028
0.014652095,0.00579913
0.014702097,0.0058624
0.014751898,0.00593546
0.0148021,0.0059795
0.014852002,0.0060312
0.014902003,0.00606996
0.014952005,0.00612382
0.015001907,0.00617845
0.015051908,0.00621225
0.01510191,0.00629364
0.015152012,0.00637139
0.015202113,0.0064522
0.015252015,0.00648456
0.015302017,0.00655326
0.015352118,0.0066149
0.01540202,0.00667755
0.015452222,0.00673145
0.015501924,0.00677912
0.015552125,0.0068262
0.015602127,0.00694602
0.015652129,0.0070204
0.01570213,0.00705779
0.015751932,0.00712685
0.015802134,0.00718386
0.015852135,0.00723668
0.015902037,0.00731504
0.015952139,0.00737335
0.016001941,0.00744158
0.016051942,0.00748684
0.016102144,0.00758422
0.016152046,0.00769919
0.016202047,0.00769521
0.016251949,0.00776346
0.016302051,0.00787266
0.016352252,0.00794008
0.016402154,0.00801218
0.016452156,0.00809821
0.016502057,0.00815728
0.016552059,0.00820139
0.016602261,0.00821327
0.016652062,0.00839163
0.016701964,0.00835073
0.016752066,0.00847089
0.016802067,0.0086001
0.016852269,0.00868175
0.016901971,0.00868157
0.016951972,0.00876484
0.017002074,0.00880964
0.017052076,0.00885083
0.017102278,0.00902733
0.017152179,0.00904871
0.017202081,0.00919116
0.017252283,0.0092583
0.017295984,0.009169
0.017400088,0.00939378
0.017501991,0.0095243
0.017602995,0.00970458
0.017703198,0.00989592
0.017803701,0.0100424
0.017904305,0.0102163
0.018004208,0.0104139
0.018103811,0.0105704
0.018204215,0.0107986
0.018304018,0.0109693
0.018403922,0.0111805
0.018504525,0.0113595
0.018604128,0.0115717
0.018704232,0.011784
0.018804135,0.0119841
0.018904038,0.0122119
0.019004142,0.0123975
0.019104245,0.0126039
0.019204149,0.0129
0.019304252,0.0130927
0.019404155,0.0133081
0.019504659,0.0135476
0.019603862,0.0137642
0.019704165,0.0140054
0.019804269,0.0142961
0.019903472,0.01449
0.020004076,0.0147679
0.020104379,0.0150198
0.020204482,0.0152868
0.020303986,0.0155299
0.020404089,0.0158196
0.020503892,0.0160661
0.020603796,0.0163521
0.020704099,0.0166283
0.020804303,0.0169316
0.020904106,0.0171785
0.021004209,0.0174831
0.021104113,0.0177394
0.021204016,0.0180447
0.02130412,0.0183538
0.021404223,0.0186288
0.021503926,0.0189358
0.02160403,0.0192402
0.021704833,0.0195509
0.021803936,0.0198465
0.02190414,0.020193
0.022004243,0.0204776
0.022104047,0.020813
0.02220415,0.0211502
0.022304053,0.0214607
0.022403956,0.0217563
0.02250406,0.0220867
0.022603963,0.0224149
0.022704067,0.0227698
0.02280347,0.0230738
0.022904273,0.0234514
0.023004377,0.0237582
0.02310378,0.0240901
0.023204184,0.0243959
0.023303987,0.0247352
0.02340409,0.025113
0.023504294,0.0254369
0.023604297,0.0257026
0.023704001,0.026131
0.023804304,0.0265079
0.023904508,0.0268206
0.024003611,0.027199
0.024103714,0.0276067
0.024204518,0.0279376
0.024304021,0.0283478
0.024404324,0.028637
0.024504428,0.0289932
0.024604531,0.029402
0.024704435,0.0298819
0.024804038,0.0301163
0.024904641,0.0304788
0.025004245,0.0308213
0.025104648,0.0311953
0.025204751,0.0315882
0.025304355,0.0319496
0.025404258,0.0323179
0.025504362,0.0326635
0.025603965,0.0330598
0.025704568,0.0334664
0.025804271,0.033873
0.025904375,0.0342536
0.026004478,0.0346213
0.026104581,0.0350158
0.026204185,0.0354249
0.026304089,0.0358028
0.026404392,0.0362095
0.026504095,0.036621
0.026604398,0.0370306
0.026704302,0.0374379
0.026804605,0.0378543
0.026904308,0.0382753
0.027003912,0.0386772
0.027104015,0.0390499
0.027203919,0.0394704
0.027304322,0.0399029
0.027404625,0.0403232
0.027504529,0.0407178
0.027604132,0.0411343
0.027704736,0.0416111
0.027804139,0.0420248
0.027904242,0.0424597
0.028004846,0.0429011
0.028104449,0.043376
0.028204353,0.0438747
0.028304656,0.0443088
0.028404359,0.0448641
0.028504263,0.0453431
0.028604066,0.0459013
0.028704469,0.0464001
0.028804773,0.046882
0.028904176,0.0473011
0.029004579,0.0478562
0.029104383,0.048327
0.029204086,0.0489338
0.029304389,0.0493764
0.029404293,0.0499884
0.029504197,0.0504173
0.0296047,0.0509701
0.029704103,0.0515414
0.029804507,0.0521392
0.02990461,0.0527057
0.030004714,0.053431
0.030104617,0.0542606
0.03020402,0.0550447
0.030304623,0.055585
0.030404427,0.0560223
0.03050453,0.0565689
0.030604633,0.0572082
0.030704137,0.0579576
0.03080444,0.0586201
0.030904743,0.0592246
0.031004247,0.0597383
0.03110405,0.0603516
0.031204654,0.0609041
0.031304258,0.0615309
0.03140446,0.0621884
0.031504964,0.0629487
0.031604167,0.0635575
0.031704771,0.0641418
0.031804674,0.0646592
0.031904477,0.0653335
0.032004381,0.0658403
0.032104485,0.0665955
0.032204888,0.0672279
0.032304491,0.0679037
0.032404594,0.0685853
0.032504698,0.06937
0.032604801,0.0702463
0.032704505,0.0709674
0.032804808,0.0716808
0.032904211,0.0724602
0.033004315,0.0732322
0.033105119,0.0739075
0.033204521,0.0746887
0.033304625,0.0752925
0.033405028,0.0760211
0.033504231,0.0768142
0.033604035,0.0777511
0.033704638,0.0784875
0.033804342,0.0789104
0.033904845,0.0795709
0.034004948,0.0803924
0.034104852,0.0813773
0.034204756,0.0822831
0.034304358,0.0833041
0.034404962,0.0840257
0.034504166,0.084691
0.034604969,0.0856041
0.034704572,0.0863061
0.034804676,0.08737
0.034904579,0.0881928
0.035004682,0.0895335
0.035104386,0.0905751
0.035204689,0.0915648
0.035304592,0.0922312
0.035404496,0.0936428
0.0355048,0.0944968
0.035604902,0.095226
0.035704306,0.0953658
0.035804409,0.0959592
0.035904612,0.0970902
0.036003916,0.097393
0.036103819,0.0986877
0.036204123,0.0995504
0.036304926,0.101856
0.03640413,0.10225
0.036504233,0.104963
0.036604637,0.105055
0.03670454,0.105624
0.036804843,0.105141
0.036905047,0.106249
0.037004949,0.108559
0.037104854,0.108683
0.037204957,0.10993
0.03730436,0.109822
0.037404563,0.112253
0.037505167,0.113261
0.03760497,0.115218
0.037704873,0.11557
0.037804976,0.1162
0.03790468,0.11665
0.038004583,0.118304
0.038104687,0.118783
0.03820479,0.120222
0.038304594,0.120584
0.038404797,0.121548
0.038505401,0.123897
0.038604504,0.124771
0.038704708,0.125655
0.038804711,0.126877
0.038904413,0.128495
0.039004718,0.1304045
0.03910482,0.130931
0.039204724,0.13164467
0.039304827,0.132229
0.039404731,0.13212733
0.039504834,0.13284267
0.039604738,0.13431733
0.039705041,0.13629533
0.039804945,0.13792133
0.039904548,0.13864
0.040005051,0.14033533
0.040104754,0.14067767
0.040204858,0.14297
0.040304562,0.14234667
0.040404465,0.144538
0.040504568,0.144959
0.040816868,0.1509776
0.043722322,0.20126776
0.046086721,0.27968508
0.049471058,0.40312675
0.053758338,0.56019174
0.058101961,0.6818
0.062073823,0.7869301
0.067202269,0.9419
0.070088155,1.0164284
0.0740025,1.0957
0.081755059,1.2136983
0.092003107,1.3805
0.097098269,1.4957734
0.10250346,1.6195
0.109653786,1.678223
0.116203928,1.7178
0.121604103,1.7256
0.12407138,1.7313096
0.133604513,1.7391
0.140304739,1.7399
0.140655101,1.740712
0.161096201,1.702514
0.171663837,1.6655515
0.183864919,1.6305214
0.190566437,1.6129108
0.192886514,1.606588
0.195966618,1.5951219
0.199046723,1.578623
0.202126827,1.5583292
0.205206932,1.5388642
0.208287033,1.5226
0.21137714,1.5126169
0.214457243,1.4959486
0.217537345,1.487301
0.22061745,1.4752052
0.223697557,1.4659018
0.226777658,1.4576809
0.229857762,1.450919
0.232947868,1.4394419
0.23602797,1.4290133
0.239108077,1.4198613
0.242188181,1.4099171
0.245268285,1.4002184
0.248348388,1.3876586
0.251428494,1.3729835
0.254518594,1.3548852
0.257598702,1.3328504
0.260678802,1.3079241
0.263758909,1.279801
0.26684901,1.2508358
0.269919115,1.2223729
0.273009223,1.1983032
0.276089326,1.1768425
0.279169428,1.1575087
0.282249534,1.1406504
0.285339638,1.124572
0.288409743,1.1105195
0.291489843,1.0968202
0.294569947,1.0814977
0.297660054,1.0668665
0.300740159,1.0530238
0.303820261,1.0392699
0.306900365,1.026493
0.309990468,1.0142934
0.313060574,1.0019215
0.316150675,0.99017005
0.319230779,0.9784515
0.322310882,0.9668343
0.32540099,0.9651639
0.328471096,0.95500655
0.3315612,0.94515888
0.334631304,0.93513637
0.337721404,0.9255933
0.340801515,0.91709265
0.343881613,0.90893868
0.346971716,0.90107075
0.350041824,0.8940712
0.353121926,0.88761284
0.356212027,0.88086852
0.359292132,0.87373785
0.362372241,0.86426744
0.365462339,0.85190335
0.368532445,0.83680815
0.371612552,0.82207808
0.374702651,0.81064773
0.377782759,0.80203223
0.38086286,0.7951453
0.383942967,0.79001228
0.387033074,0.78420567
0.390113181,0.77892898
0.393193284,0.77388305
0.39627339,0.7690293
0.399343484,0.76516555
0.402433591,0.76144265
0.405513699,0.7576408
0.4086038,0.7529771
0.411673903,0.74815011
0.414764014,0.7437565
0.417834111,0.7378895
0.420934219,0.73333523
0.424014321,0.7294795
0.427094424,0.7258664
0.430174525,0.72175387
0.433254631,0.71847698
0.436334734,0.71470155
0.439414837,0.71113852
0.44250495,0.70701482
0.445575042,0.70327662
0.448655154,0.6995391
0.451745258,0.6954589
0.454825358,0.69200715
0.457895472,0.68839025
0.46097557,0.68465745
0.464065666,0.68094915
0.467145771,0.67719335
0.470225889,0.6731642
0.473315994,0.66897395
0.476386093,0.6652083
0.479486192,0.66112417
0.482566304,0.65697478
0.485646407,0.6529841
0.488726509,0.64902085
0.491806617,0.64523045
0.494886719,0.64137647
0.497966821,0.63753092
0.501046927,0.6339884
0.504127019,0.63018518
0.507217137,0.62636173
0.510287231,0.62240085
0.513367337,0.61878225
0.516447439,0.61506477
0.519547546,0.61075945
0.522607655,0.60750577
0.525687754,0.6036535
0.528787865,0.60007454
0.531867962,0.59623085
0.534948073,0.59240228
0.538028179,0.58856895
0.541108274,0.5851321
0.544198373,0.5816115
0.547268475,0.57798713
0.550358584,0.57434287
0.553428693,0.57110777
0.556508792,0.56762258
0.559598891,0.56396595
0.562688995,0.5603417
0.565769111,0.55705443
0.568839205,0.55359243
0.571929319,0.5503515
0.575009424,0.54659902
0.578089513,0.54338527
0.58117962,0.54046297
0.584249744,0.53649572
0.587319841,0.5335986
0.590429936,0.53031475
0.593510037,0.52696853
0.596590146,0.52379588
0.599650241,0.5203691
0.602740366,0.51723565
0.605830471,0.51411515
0.60889055,0.5111411
0.61199067,0.50782553
0.615060758,0.50453148
0.618150862,0.50161714
0.621220966,0.49840037
0.62432109,0.495502
0.62738119,0.49177653
0.630471307,0.48871505
0.633571391,0.48571297
0.636631495,0.48187324
0.639711599,0.47866272
0.642801722,0.47633385
0.645881801,0.47345308
0.648951932,0.47041557
0.65206202,0.4673322
0.655132127,0.4647368
0.658222231,0.46212707
0.661272347,0.45904644
0.664362432,0.4564104
0.667472549,0.45383407
0.670542649,0.45116893
0.673632741,0.44845337
0.676682854,0.4458602
0.679762951,0.4432304
0.682873058,0.44050819
0.685933155,0.43789839
0.68902329,0.43449646
0.692093368,0.43257184
0.695203479,0.4305167
0.698253571,0.42696855
0.701333679,0.42502602
0.704443803,0.42212369
0.707503907,0.42014795
0.710583994,0.41765803
0.713694097,0.41552884
0.71674419,0.41223141
0.719864306,0.41003742
0.722924398,0.40736571
0.726014529,0.40513759
0.729094617,0.40291981
0.732194724,0.40063065
0.735274822,0.39742819
0.738334949,0.39612495
0.741435063,0.39338331
0.744505166,0.39224172
0.747595255,0.38872869
0.750675376,0.38742465
0.753735478,0.38401037
0.75681555,0.38219272
0.759925649,0.37993277
0.76301577,0.37716797
0.766075882,0.37603652
0.769165981,0.37246005
0.772226084,0.37101531
0.775326196,0.36789324
0.778386299,0.3660093
0.781476416,0.36373306
0.784546484,0.3625208
0.787636616,0.36159936
0.790696722,0.35745435
0.793786798,0.3563972
0.796896921,0.35435483
0.799987014,0.35332855
0.803037133,0.34919558
0.806117204,0.34829138
0.80922733,0.3471576
0.812297415,0.34450519
0.815397533,0.34140883
0.818467641,0.34266165
0.821557744,0.34307408
0.824617845,0.34079987
0.827697955,0.33990745
0.830808063,0.33573598
0.833878141,0.33281938
0.836978281,0.33166103
0.840038377,0.32812859
0.843118466,0.32623144
0.846168554,0.321972
0.849298674,0.32304372
0.852338758,0.32111239
0.855448904,0.31954829
0.858528977,0.31751174
0.861579098,0.31572357
0.864699212,0.31510625
0.867789282,0.31375779
0.870829398,0.3131678
0.873899512,0.31062465
0.876989614,0.31234633
0.880109706,0.31116458
0.883179849,0.31008074
0.886269903,0.30516936
0.889320031,0.30528751
0.892400153,0.3042498
0.895490238,0.30162485
0.898600363,0.29904207
0.901680426,0.29843855
0.904770584,0.29601351
0.907810667,0.29322553
0.910880752,0.29435396
0.913970864,0.29488651
0.917080996,0.2881549
0.920141068,0.28339104
0.923231187,0.28397539
0.926331264,0.28269213
0.929381375,0.28190206
0.932461527,0.27998261
0.935561598,0.27934521
0.938671691,0.27757847
0.941741796,0.2752416
0.944821898,0.27517005
0.947861992,0.27355276
0.950982106,0.27154717
0.954062257,0.26653615
0.958084837,0.26812255
0.982069227,0.2580279
1.011108587,0.24594236
1.050239866,0.22996761
1.078434146,0.21961736
1.110322927,0.20973295
1.137113766,0.2026127
1.163523243,0.19461068
1.18320956,0.18728371
1.201105734,0.18197009
1.221427872,0.17511903
1.245388761,0.17179084
1.276565419,0.16343058
1.31315275,0.156075
1.338913016,0.14991094
1.366384642,0.1448216
1.392984344,0.1374042
1.425495353,0.13061709
1.453325577,0.12297858
1.494432372,0.11438996
1.544120347,0.10419314
1.591303846,0.094905278
1.644212642,0.086445342
1.698880579,0.07901521
1.746932913,0.073717427
1.785204804,0.069812757
1.837910179,0.064969582
1.883081013,0.061712867
1.94062203,0.057575165
1.997915867,0.053580958
2.054426298,0.050288885
2.101963904,0.047648964
2.156218913,0.045125091
2.199861381,0.044
2.429650062,0.035542688
2.543843658,0.032700097
2.663404256,0.030084847
2.788584262,0.027678756
2.919647745,0.025465097
3.056871156,0.02342848
3.200544168,0.021554744
3.350969721,0.019830864
3.508465264,0.018244855
3.673363166,0.016785689
3.850635168,0.015782936
4.027050139,0.015782936
4.210417863,0.019255941
4.415143489,0.023197436
4.508493282,0.024403204
4.628581651,0.020750324
4.853639883,0.019255941
5.061051719,0.021014864
5.307138101,0.023493174
5.55028205,0.025316393
5.834224378,0.028301987
6.036399821,0.032451552
6.097766921,0.03853364
6.135176231,0.05148646
6.17304738,0.07167016
6.211389907,0.1041965
6.250211094,0.1562722
6.289520279,0.2279973
6.309361036,0.2610739
6.31932843,0.2727183
6.32932769,0.2792993
6.339357996,0.2799534
6.349421444,0.2745244
6.369642207,0.24847
6.410472586,0.1735233
6.451830807,0.1140417
6.493725472,0.07727957
6.536168809,0.05514067
6.579169224,0.04134531
6.622740586,0.03236473
6.673694358,0.02553225
6.711635711,0.02202557
6.756985335,0.01897125
6.802950851,0.01673966
6.849546405,0.01509159
6.896785039,0.01387127
6.944678605,0.01297455
7.000236256,0.01225585
7.042490974,0.01188952
7.092438527,0.01161793
7.143098393,0.01149206
7.194488008,0.0114962
7.246621558,0.01162068
7.299516606,0.01186067
7.353189523,0.01221554
7.407657151,0.01268849
7.468926054,0.01335871
7.51905094,0.01402091
7.57601391,0.01490712
7.633845611,0.0159662
7.692567978,0.01722577
7.752199807,0.01872172
7.812763868,0.02050075
7.874282194,0.02262378
7.936775993,0.02517096
8.000270201,0.02824888
8.090888148,0.03373257
8.183582447,0.04112998
8.285283969,0.0522597
8.37730883,0.06639847
8.467685917,0.08608682
8.554608854,0.1134973
8.643333668,0.1552178
8.73128019,0.2188547
8.810869639,0.3064274
8.849857048,0.3631365
8.889189112,0.4303857
8.928872349,0.5070167
8.968912781,0.588387
9.009313289,0.6648245
9.049940689,0.7217195
9.091216137,0.7443366
9.111925058,0.7396002
9.132728539,0.7241882
9.153627232,0.6992224
9.17462179,0.6665531
9.216901153,0.5871451
9.259571991,0.502785
9.30263907,0.4244886
9.337383521,0.3694763
9.37238777,0.3217892
9.392741472,0.2974142
9.434280897,0.2544548
9.470016809,0.2237829
9.506023749,0.1977349
9.54230628,0.1755619
9.578867577,0.1566217
9.615710121,0.1403755
9.652835667,0.126377
9.6862654,0.1154655
9.727954247,0.1037194
9.765954835,0.09451012
9.804253472,0.08642702
9.842852117,0.07930141
9.881756671,0.07299358
9.920969991,0.06738733
9.960495768,0.06238558
10.00033775,0.05790694
10.10135126,0.04857438
10.2044246,0.04129355
10.41884191,0.03078254
10.58236709,0.02539562
10.73456261,0.02164866
10.8699371,0.01903021
11.00037161,0.01697502
11.18605811,0.01463484
11.37469401,0.01277318
11.54772982,0.01139875
11.69662477,0.01041032
11.84874028,0.009546873
12.00040491,0.008805243
12.25531345,0.007769175
12.52365302,0.006895485
12.7818717,0.006210854
13.00043904,0.005723277
13.33163019,0.005107971
13.62464017,0.004659802
14.00047283,0.004184699
15.00050669,0.003284638
15.49802343,0.002966013
16.0005404,0.002701535
16.5312283,0.002469603
17.00057412,0.002295948
17.58641406,0.002111566
18.00060789,0.001998705
18.50510509,0.001877166
19.0006416,0.001771988
19.5250695,0.001673411
20.0006755,0.00159354
21.53810759,0.001382963