"Wavelength, µm","n"
0.001737709,0.99905711
0.001740179,0.99905448
0.001742669,0.99905229
0.001745199,0.99905032
0.001747679,0.99904823
0.001750189,0.99904533
0.001752679,0.99904133
0.001755199,0.99903824
0.001757659,0.99903653
0.001760209,0.99903295
0.00176269,0.99903006
0.00176515,0.99902791
0.0017677,0.99902482
0.00177021,0.99902243
0.00177267,0.99902078
0.0017752,0.99901816
0.00177771,0.99901546
0.00178016,0.99901188
0.0017827,0.99900811
0.00178519,0.99900564
0.00178769,0.99900387
0.00179021,0.99900162
0.001792711,0.99899912
0.001795211,0.99899636
0.001797681,0.99899234
0.001800181,0.99898896
0.001802691,0.99898676
0.001805171,0.99898439
0.001807711,0.99898049
0.001810161,0.99897823
0.001812711,0.99897568
0.001815221,0.9989724
0.001817691,0.99897099
0.001820201,0.99896888
0.001822712,0.99896451
0.001825162,0.99896171
0.001827682,0.99896051
0.001830192,0.99895654
0.001832702,0.99895381
0.001835222,0.9989519
0.001837692,0.99894671
0.001840202,0.99894293
0.001842652,0.99894141
0.001845172,0.9989402
0.001847702,0.99893818
0.001850192,0.9989333
0.001852693,0.99892988
0.001855213,0.99892791
0.001857713,0.99892465
0.001860193,0.99892125
0.001862693,0.9989195
0.001865213,0.9989177
0.001867693,0.99891355
0.001870183,0.99890921
0.001872703,0.9989066
0.001875173,0.99890584
0.001877693,0.99890321
0.001880224,0.99889914
0.001882664,0.99889662
0.001885214,0.99889374
0.001887714,0.99889037
0.001890174,0.99888763
0.001892694,0.9988855
0.001895214,0.99888261
0.001897694,0.99887916
0.001900214,0.99887625
0.001902684,0.99887481
0.001905184,0.99887185
0.001907724,0.99886591
0.001910195,0.99886202
0.001912695,0.99886117
0.001915185,0.99885869
0.001917685,0.99885636
0.001920195,0.99885406
0.001922695,0.99885037
0.001925195,0.99884631
0.001927685,0.99884274
0.001930165,0.99884138
0.001932705,0.99883839
0.001935175,0.99883499
0.001937705,0.99883292
0.001940216,0.99883066
0.001942666,0.99882807
0.001945186,0.99882452
0.001947686,0.99881998
0.001950176,0.99881917
0.001952706,0.99881716
0.001955206,0.99881243
0.001957666,0.99880875
0.001960196,0.99880519
0.001962706,0.99880136
0.001965196,0.9987986
0.001967676,0.99879651
0.001970217,0.99879258
0.001972717,0.99879145
0.001975167,0.99879005
0.001977717,0.99878562
0.001980177,0.99878259
0.001982697,0.99877972
0.001985207,0.99877724
0.001987667,0.99877521
0.001990197,0.99877142
0.001992737,0.99876881
0.001995157,0.99876751
0.001997697,0.99876369
0.002000208,0.99875909
0.002002668,0.99875804
0.002005168,0.99875729
0.002007688,0.99875064
0.002010188,0.99874619
0.002012708,0.99874516
0.002015198,0.99874151
0.002017698,0.99873862
0.002020188,0.9987366
0.002022708,0.99873299
0.002025198,0.99872902
0.002027698,0.99872735
0.002030219,0.99872509
0.002032689,0.99872036
0.002035199,0.99871618
0.002037709,0.99871407
0.002040199,0.99871092
0.002042699,0.99870914
0.002045219,0.99870619
0.002047689,0.9987017
0.002050209,0.99869993
0.002052689,0.99869672
0.002055209,0.99869132
0.002057729,0.99868987
0.0020602,0.99869006
0.0020627,0.99868578
0.00206521,0.99868179
0.00206768,0.99867885
0.00207023,0.9986758
0.0020727,0.99867315
0.0020752,0.99867005
0.00207772,0.99866571
0.00208019,0.99866197
0.00208271,0.99865958
0.0020852,0.99865559
0.002087711,0.99865309
0.002090221,0.99865306
0.002092691,0.9986493
0.002095191,0.99864536
0.002097681,0.99864407
0.002100211,0.99864165
0.002102711,0.99863672
0.002105201,0.99863363
0.002107721,0.99863207
0.002110211,0.99862784
0.002112691,0.99862331
0.002115191,0.9986193
0.002117702,0.99861838
0.002120202,0.99861757
0.002122692,0.99861407
0.002125192,0.99860975
0.002127712,0.9986056
0.002130212,0.99860222
0.002132702,0.99860011
0.002135182,0.99859929
0.002137672,0.99859743
0.002140222,0.99859266
0.002142682,0.99858907
0.002145182,0.99858815
0.002147713,0.99858467
0.002150223,0.99858195
0.002152673,0.99857765
0.002155213,0.99857466
0.002157683,0.99858012
0.002159763,0.99857781
0.002165013,0.99856251
0.002170103,0.99855327
0.002175183,0.99854592
0.002180214,0.99853961
0.002185224,0.9985335
0.002190244,0.99852711
0.002195284,0.99851956
0.002200244,0.99851311
0.002205264,0.99850651
0.002210285,0.99849927
0.002215255,0.99849175
0.002220275,0.99848303
0.002225265,0.9984748
0.002230255,0.99846647
0.002235295,0.99845736
0.002240296,0.99844932
0.002245256,0.99844151
0.002250266,0.99843508
0.002255296,0.99843102
0.002260256,0.99842862
0.002265277,0.99842708
0.002270267,0.9984272
0.002275257,0.99842848
0.002280267,0.99843136
0.002285257,0.9984353
0.002290257,0.99843898
0.002295298,0.99843895
0.002300288,0.99843139
0.002305258,0.99842208
0.002310268,0.99841886
0.002315288,0.99842531
0.002320278,0.9984258
0.002325279,0.99840369
0.002330289,0.998381
0.002335259,0.9983696
0.002340299,0.99835753
0.002345289,0.99834734
0.002350249,0.99833817
0.00235528,0.9983286
0.00236027,0.99831979
0.00236529,0.99831091
0.00237028,0.99830232
0.00237526,0.99829321
0.00238028,0.99828423
0.002385281,0.99827574
0.002390271,0.99826778
0.002395261,0.9982593
0.002400271,0.99825104
0.002405301,0.99824406
0.002410251,0.99823601
0.002415272,0.99822735
0.002420272,0.99822001
0.002425312,0.99821189
0.002430282,0.99820295
0.002435292,0.99819481
0.002440282,0.99818775
0.002445283,0.99818043
0.002450273,0.99817125
0.002455283,0.99816345
0.002460253,0.99815659
0.002465303,0.99814797
0.002470283,0.99813992
0.002475274,0.99813238
0.002480294,0.9981238
0.002485284,0.99811606
0.002490304,0.99810881
0.002495294,0.99810068
0.002500264,0.99809293
0.002505275,0.99808474
0.002510305,0.99807758
0.002515265,0.99807074
0.002520285,0.9980625
0.002525275,0.99805452
0.002530285,0.99804661
0.002535286,0.99803808
0.002540266,0.99803069
0.002545266,0.99802303
0.002550286,0.99801427
0.002555266,0.99800625
0.002560266,0.99799875
0.002565287,0.99799105
0.002570277,0.9979829
0.002575297,0.99797497
0.002580257,0.9979678
0.002585297,0.99796005
0.002590287,0.99795132
0.002595308,0.9979437
0.002600298,0.99793662
0.002605268,0.99792895
0.002610288,0.99792101
0.002615298,0.99791275
0.002620288,0.9979044
0.002625279,0.99789624
0.002630299,0.99788734
0.002635269,0.99787945
0.002640279,0.99787251
0.002645299,0.99786385
0.00265027,0.99785614
0.00265531,0.99784857
0.00266028,0.99784047
0.00266527,0.99783342
0.00267028,0.99782427
0.0026753,0.9978158
0.002680291,0.99780919
0.002685251,0.99780145
0.002690301,0.99779419
0.002695291,0.99778501
0.002700311,0.99777557
0.002705281,0.99776884
0.002710302,0.99776019
0.002715262,0.99775275
0.002720312,0.99774326
0.002725272,0.99773315
0.002730292,0.9977256
0.002735282,0.99771723
0.002740293,0.99770985
0.002745283,0.99769949
0.002750273,0.9976899
0.002755273,0.99768289
0.002760313,0.99767529
0.002765303,0.99766778
0.002770264,0.99765742
0.002775284,0.99764554
0.002780304,0.9976357
0.002785294,0.99762794
0.002790284,0.9976157
0.002795304,0.99760313
0.002800295,0.99758863
0.002810465,0.99757187
0.002820475,0.99757001
0.002830486,0.9975595
0.002840506,0.99754464
0.002850486,0.99752929
0.002860497,0.99751611
0.002870477,0.9975032
0.002880457,0.99748908
0.002890478,0.99747132
0.002900428,0.99745609
0.002910538,0.9974435
0.002920519,0.99742452
0.002930469,0.99740471
0.002940509,0.9973855
0.00295053,0.99737045
0.00296051,0.99735752
0.00297049,0.99734064
0.002980411,0.99732282
0.002990521,0.99730812
0.003000531,0.99729841
0.003010512,0.9972811
0.003020462,0.99726281
0.003030512,0.99724703
0.003040553,0.99723095
0.003050503,0.99721803
0.003060483,0.99720279
0.003070434,0.99718462
0.003080544,0.99716487
0.003090494,0.99714693
0.003100415,0.99713134
0.003110525,0.99711729
0.003120475,0.99710016
0.003130516,0.997081
0.003140496,0.99705912
0.003150446,0.99704154
0.003160497,0.99702806
0.003170537,0.99700728
0.003180457,0.99698494
0.003190508,0.99696737
0.003200488,0.9969543
0.003210498,0.99693733
0.003220509,0.99691797
0.003230499,0.99689992
0.003240479,0.99688257
0.00325049,0.99686489
0.00326054,0.99684721
0.00327052,0.99683066
0.003280501,0.99681458
0.003290451,0.99679794
0.003300491,0.99678136
0.003310542,0.99676574
0.003320492,0.99675014
0.003330472,0.99673471
0.003340523,0.9967162
0.003350563,0.99669928
0.003360483,0.99668497
0.003370524,0.99666901
0.003380444,0.99665347
0.003390555,0.99663781
0.003400505,0.99662136
0.003410485,0.99660723
0.003420505,0.99659387
0.003430516,0.99657853
0.003440526,0.99656474
0.003450507,0.9965463
0.003460487,0.99652671
0.003470447,0.99651273
0.003480518,0.99649967
0.003490558,0.99648606
0.003500478,0.99647011
0.003510499,0.99645189
0.003520539,0.99643375
0.003530519,0.99641946
0.00354047,0.99640729
0.00355052,0.99638799
0.00356053,0.99636832
0.003570511,0.99635459
0.003580501,0.99634014
0.003590511,0.99632432
0.003600482,0.99630705
0.003610542,0.99629245
0.003620542,0.99627829
0.003630563,0.99626055
0.003640483,0.99624595
0.003650493,0.99622984
0.003660544,0.99621015
0.003670494,0.9961952
0.003680534,0.99618165
0.003690485,0.99616383
0.003700565,0.99614594
0.003710515,0.99612984
0.003720466,0.9961135
0.003730516,0.99609433
0.003740486,0.99607987
0.003750597,0.99606444
0.003760497,0.99604327
0.003770507,0.99602686
0.003780518,0.99600898
0.003790558,0.99598932
0.003800568,0.99597463
0.003810499,0.99595807
0.003820539,0.99594318
0.003830459,0.99592829
0.00384057,0.99591088
0.00385055,0.99589683
0.0038605,0.99588409
0.003870541,0.99587077
0.003880521,0.9958617
0.003890501,0.99585414
0.003900522,0.99583831
0.003910472,0.99582422
0.003920582,0.99581875
0.003930563,0.99580892
0.003940513,0.99579709
0.003950533,0.99578416
0.003960544,0.99577085
0.003970584,0.99575738
0.003980494,0.99573902
0.003990475,0.99572188
0.004000495,0.99570614
0.004010515,0.9956783
0.004020526,0.9956419
0.004030536,0.99561028
0.004040516,0.99557897
0.004050537,0.99554335
0.004060587,0.99550731
0.004070498,0.99547407
0.004080458,0.99543793
0.004090528,0.99540842
0.004100538,0.99538982
0.004110509,0.9953803
0.004120499,0.99540267
0.004130519,0.99543094
0.00414054,0.9954484
0.00415051,0.99551921
0.004160561,0.99559496
0.004170531,0.99564109
0.004180551,0.99568614
0.004190542,0.99573483
0.004200492,0.99577802
0.004210532,0.99584481
0.004220533,0.99587617
0.004230593,0.99587601
0.004240543,0.99591781
0.004250544,0.9958947
0.004260534,0.99586202
0.004270564,0.99584932
0.004280555,0.99581867
0.004290515,0.99578808
0.004300525,0.99576763
0.004310496,0.99579759
0.004320576,0.99584706
0.004330506,0.99585233
0.004340487,0.9958637
0.004350537,0.99583171
0.004360507,0.99576266
0.004370578,0.99572662
0.004380568,0.99565852
0.004390518,0.99553393
0.004399519,0.99545052
0.004420289,0.99538135
0.0044405,0.99530548
0.004460621,0.99523082
0.004480671,0.99516748
0.004500712,0.9951091
0.004520693,0.99505429
0.004540743,0.99500575
0.004560754,0.99495944
0.004580775,0.99491509
0.004600745,0.99487589
0.004620736,0.99483857
0.004640767,0.99480352
0.004660757,0.99477133
0.004680748,0.99474087
0.004700699,0.99471071
0.004720779,0.99467864
0.00474071,0.99464793
0.004760771,0.99461844
0.004780741,0.99458693
0.004800792,0.99455469
0.004820763,0.99452268
0.004840754,0.99448941
0.004860774,0.99445829
0.004880715,0.99442809
0.004900815,0.99439806
0.004920766,0.99437061
0.004940787,0.99434599
0.004960737,0.99432401
0.004980788,0.99429963
0.005000749,0.9942765
0.0050207,0.99425704
0.00504081,0.99423768
0.005060721,0.99421726
0.005080801,0.99419597
0.005100702,0.99417521
0.005120773,0.99415412
0.005140774,0.99413037
0.005160804,0.99410157
0.005180725,0.99406934
0.005200786,0.99402973
0.005220756,0.99398691
0.005240727,0.99394398
0.005260768,0.99389665
0.005280778,0.9938464
0.005300759,0.99378899
0.00532073,0.9937301
0.00534076,0.99367662
0.005360781,0.99361903
0.005380772,0.99355987
0.005400782,0.99349958
0.005420783,0.99343674
0.005440744,0.99338078
0.005460775,0.99332989
0.005480835,0.99328673
0.005500726,0.99324618
0.005520837,0.99319911
0.005540797,0.99316296
0.005560778,0.9931336
0.005580749,0.99310198
0.005600769,0.99307875
0.00562078,0.99305164
0.005640721,0.99302177
0.005660781,0.99299483
0.005680782,0.99295847
0.005700793,0.99291605
0.005720753,0.99286378
0.005740804,0.99278808
0.005760785,0.99270126
0.005780825,0.99260239
0.005800756,0.99248185
0.005820827,0.9923423
0.005840787,0.99218423
0.005860748,0.99201446
0.005880769,0.99183678
0.005900809,0.99165623
0.00592081,0.99148034
0.005940731,0.99133756
0.005960861,0.99125497
0.005980762,0.99124576
0.006000793,0.99134836
0.006020813,0.99157916
0.006040764,0.99188613
0.006060785,0.99229966
0.006080755,0.99279074
0.006100806,0.99332251
0.006120777,0.99388736
0.006140837,0.99443554
0.006160828,0.99495554
0.006180849,0.99546574
0.006200729,0.9959717
0.0062208,0.99646933
0.006240801,0.99695657
0.006260781,0.99748062
0.006280802,0.99804352
0.006300813,0.99861164
0.006320794,0.99912564
0.006340804,0.99955249
0.006360805,0.99984286
0.006380745,0.99997854
0.006400836,1.0000374
0.006420827,1.0000193
0.006440837,1.0002118
0.006460808,1.0006724
0.006480769,1.0013139
0.006500819,1.0022234
0.00652078,1.0030489
0.006540841,1.0036289
0.006560772,1.003799
0.006580832,1.0032114
0.006600803,1.0021082
0.006620824,1.0010091
0.006640784,1.0001693
0.006660835,0.99954376
0.006680796,0.99904493
0.006700836,0.99863159
0.006720887,0.99828225
0.006740758,0.99797858
0.006760828,0.99769412
0.006780839,0.9974318
0.00680081,0.99720552
0.006890233,0.99631262
0.006930244,0.99595456
0.006970225,0.9956339
0.007010227,0.99533408
0.007050248,0.99505798
0.007090239,0.99480313
0.007130241,0.99455774
0.007170242,0.99431902
0.007210224,0.99409434
0.007250245,0.99388331
0.007290226,0.99367559
0.007330228,0.99347241
0.007370229,0.99327794
0.00741027,0.9930798
0.007450252,0.99288423
0.007490273,0.99269728
0.007530255,0.99251978
0.007570256,0.99234038
0.007610267,0.99215871
0.007650278,0.99198522
0.00769028,0.99181877
0.007730261,0.99164945
0.007770282,0.991478
0.007810274,0.99131685
0.007850285,0.99115683
0.007890247,0.99098799
0.007930268,0.99081889
0.007970289,0.99065626
0.008010251,0.99050011
0.008050292,0.99034048
0.008090273,0.99017687
0.008130275,0.99002199
0.008170296,0.98986346
0.008210277,0.98970117
0.008250269,0.98954462
0.00829026,0.98939422
0.008330251,0.98924269
0.008370292,0.98907959
0.008410274,0.98891528
0.008564279,0.98832598
0.008636282,0.9880625
0.008708284,0.98778818
0.008780316,0.98750635
0.008852279,0.98722696
0.008924282,0.98694665
0.008996294,0.98666614
0.009068276,0.98638701
0.009140279,0.98610675
0.009212331,0.98582862
0.009284283,0.98554283
0.009356306,0.98524486
0.009428308,0.98495798
0.009500341,0.98468224
0.009572293,0.98439482
0.009644295,0.98409688
0.009716328,0.98379702
0.00978835,0.98350885
0.009860363,0.98322134
0.009932326,0.9829211
0.010004338,0.98262267
0.01007634,0.98232666
0.010148342,0.98201569
0.010220346,0.98170562
0.010292347,0.98140745
0.01036435,0.98110379
0.010436352,0.9808018
0.010508355,0.98048966
0.010580358,0.98016323
0.01065236,0.97984852
0.010724362,0.97954748
0.010796365,0.97923157
0.010868367,0.97890475
0.010940369,0.97857556
0.011012372,0.97826164
0.011198378,0.97742265
0.01122498,0.97729554
0.01125048,0.97716876
0.011275881,0.97704434
0.011300982,0.97692883
0.011326283,0.97681009
0.011351383,0.97669178
0.011376285,0.97656911
0.011401385,0.9764481
0.011426486,0.9763321
0.011451187,0.97621722
0.011476288,0.97609814
0.011501489,0.97597979
0.011526289,0.97585963
0.01155149,0.97573657
0.011576491,0.97561719
0.011601491,0.97549957
0.011626193,0.97538265
0.011651494,0.97525998
0.011676395,0.97514174
0.011701395,0.97502223
0.011726296,0.97490277
0.011751497,0.97477815
0.011776298,0.97465843
0.011801399,0.97453979
0.011826399,0.97441441
0.0118515,0.97429314
0.011876401,0.97417352
0.011901301,0.9740544
0.011926503,0.97393264
0.011951204,0.97381276
0.011976504,0.9736945
0.012001505,0.97356715
0.012026607,0.97344294
0.012051307,0.97332068
0.012076507,0.9731956
0.012101409,0.97308172
0.01212641,0.97296024
0.012151511,0.97283226
0.012176611,0.9727095
0.012201412,0.97259181
0.012226313,0.97247088
0.012251414,0.9723487
0.012276315,0.97222758
0.012301316,0.97210582
0.012326316,0.97197429
0.012351518,0.97184733
0.012376418,0.9717281
0.012401619,0.97160099
0.01242652,0.9714786
0.012451421,0.97135521
0.012476321,0.97123733
0.012498722,0.97112892
0.012550424,0.97085411
0.012601226,0.97059125
0.012651727,0.97034277
0.012701729,0.97008592
0.012751931,0.96982339
0.012801932,0.96955944
0.012851934,0.96930118
0.012902036,0.96905464
0.012951937,0.96878472
0.013001939,0.96851473
0.013052041,0.96826162
0.013101942,0.96800024
0.013152044,0.96774063
0.013201946,0.96748477
0.013251848,0.96722108
0.013301949,0.96694878
0.013352051,0.96668501
0.013402153,0.96642056
0.013451954,0.96615023
0.013502056,0.96587153
0.013552058,0.96560214
0.013602059,0.96533897
0.013652161,0.9650609
0.013701863,0.96479053
0.013751965,0.96451726
0.013802166,0.96423514
0.013851968,0.96395537
0.01390217,0.9636745
0.013951971,0.96339898
0.014001973,0.96312368
0.014052075,0.96284666
0.014101976,0.96255901
0.014151978,0.96227469
0.01420188,0.96199811
0.014251981,0.96172392
0.014302083,0.96143466
0.014351985,0.9611338
0.014402086,0.96084124
0.014451988,0.96054642
0.01450199,0.96025021
0.014552192,0.95995913
0.014602093,0.95967086
0.014652095,0.95937448
0.014702097,0.95907833
0.014751898,0.95879627
0.0148021,0.95851299
0.014852002,0.95822251
0.014902003,0.95792338
0.014952005,0.9576161
0.015001907,0.95731533
0.015051908,0.95699521
0.01510191,0.95666907
0.015152012,0.95636225
0.015202113,0.95607444
0.015252015,0.95577615
0.015302017,0.95546069
0.015352118,0.95515345
0.01540202,0.95484841
0.015452222,0.95454047
0.015501924,0.95422539
0.015552125,0.95387936
0.015602127,0.95355453
0.015652129,0.95327108
0.01570213,0.95296473
0.015751932,0.95264611
0.015802134,0.95233086
0.015852135,0.95200289
0.015902037,0.95167884
0.015952139,0.95135812
0.016001941,0.95103685
0.016051942,0.95069709
0.016102144,0.9503489
0.016152046,0.95006044
0.016202047,0.94975038
0.016251949,0.94938311
0.016302051,0.94904821
0.016352252,0.94873035
0.016402154,0.94840093
0.016452156,0.94808205
0.016502057,0.94777246
0.016552059,0.94745165
0.016602261,0.94706742
0.016652062,0.94674056
0.016701964,0.94641184
0.016752066,0.94601252
0.016802067,0.94568756
0.016852269,0.94540077
0.016901971,0.94507008
0.016951972,0.94471038
0.017002074,0.94436264
0.017052076,0.94396209
0.017102278,0.94361073
0.017152179,0.94327805
0.017202081,0.94293572
0.017252283,0.94267
0.017295984,0.94234548
0.017400088,0.94151107
0.017501991,0.94076331
0.017602995,0.93999668
0.017703198,0.93926383
0.017803701,0.93852085
0.017904305,0.93774926
0.018004208,0.93699671
0.018103811,0.93623041
0.018204215,0.93546051
0.018304018,0.93470283
0.018403922,0.93393413
0.018504525,0.93315488
0.018604128,0.93236975
0.018704232,0.93159153
0.018804135,0.93080499
0.018904038,0.93002334
0.019004142,0.92923205
0.019104245,0.92839575
0.019204149,0.92760154
0.019304252,0.92682833
0.019404155,0.92601225
0.019504659,0.92519355
0.019603862,0.92437843
0.019704165,0.92353155
0.019804269,0.92272124
0.019903472,0.92190671
0.020004076,0.92105383
0.020104379,0.9202197
0.020204482,0.9193848
0.020303986,0.9185423
0.020404089,0.91769722
0.020503892,0.91685285
0.020603796,0.91599484
0.020704099,0.9151367
0.020804303,0.91429281
0.020904106,0.91344031
0.021004209,0.91257645
0.021104113,0.9117095
0.021204016,0.91082504
0.02130412,0.90996235
0.021404223,0.90908854
0.021503926,0.90820423
0.02160403,0.90732204
0.021704833,0.90643247
0.021803936,0.90554305
0.02190414,0.90465796
0.022004243,0.90377002
0.022104047,0.90286489
0.02220415,0.90198148
0.022304053,0.90110302
0.022403956,0.90019759
0.02250406,0.89927751
0.022603963,0.89836031
0.022704067,0.89745559
0.02280347,0.89654481
0.022904273,0.8956272
0.023004377,0.8947265
0.02310378,0.8938132
0.023204184,0.89287542
0.023303987,0.89191806
0.02340409,0.89098704
0.023504294,0.89007659
0.023604297,0.88908724
0.023704001,0.88809568
0.023804304,0.88717289
0.023904508,0.88621339
0.024003611,0.88523302
0.024103714,0.88428942
0.024204518,0.88332771
0.024304021,0.88238832
0.024404324,0.88143153
0.024504428,0.88040809
0.024604531,0.87939047
0.024704435,0.8784823
0.024804038,0.87755798
0.024904641,0.87653104
0.025004245,0.87552193
0.025104648,0.8744906
0.025204751,0.87347938
0.025304355,0.87247657
0.025404258,0.87145979
0.025504362,0.87041375
0.025603965,0.86935639
0.025704568,0.86830467
0.025804271,0.86727693
0.025904375,0.86624641
0.026004478,0.86518881
0.026104581,0.86411312
0.026204185,0.86305534
0.026304089,0.86198574
0.026404392,0.86089322
0.026504095,0.85981213
0.026604398,0.85872403
0.026704302,0.85763221
0.026804605,0.8565301
0.026904308,0.85544029
0.027003912,0.85435529
0.027104015,0.85322994
0.027203919,0.85208173
0.027304322,0.8509409
0.027404625,0.84980609
0.027504529,0.84865142
0.027604132,0.84746412
0.027704736,0.84628405
0.027804139,0.84512431
0.027904242,0.84392493
0.028004846,0.84269859
0.028104449,0.84147374
0.028204353,0.84027191
0.028304656,0.83903043
0.028404359,0.8377965
0.028504263,0.83657831
0.028604066,0.83536661
0.028704469,0.83418006
0.028804773,0.83298096
0.028904176,0.83172521
0.029004579,0.83044385
0.029104383,0.829165
0.029204086,0.82791292
0.029304389,0.82664087
0.029404293,0.82536948
0.029504197,0.82409119
0.0296047,0.82272018
0.029704103,0.82137814
0.029804507,0.82003004
0.02990461,0.81863368
0.030004714,0.81721318
0.030104617,0.8159191
0.03020402,0.81480913
0.030304623,0.8137132
0.030404427,0.81246471
0.03050453,0.81109173
0.030604633,0.80970143
0.030704137,0.80840346
0.03080444,0.80718112
0.030904743,0.80595977
0.031004247,0.80467649
0.03110405,0.80335162
0.031204654,0.80199516
0.031304258,0.80060791
0.03140446,0.79921162
0.031504964,0.79788815
0.031604167,0.79663757
0.031704771,0.79532535
0.031804674,0.79392909
0.031904477,0.79253007
0.032004381,0.79107851
0.032104485,0.78959932
0.032204888,0.78816825
0.032304491,0.78669973
0.032404594,0.78519052
0.032504698,0.78366645
0.032604801,0.78225154
0.032704505,0.78089499
0.032804808,0.77946044
0.032904211,0.77803607
0.033004315,0.77665643
0.033105119,0.77522707
0.033204521,0.77382504
0.033304625,0.77237967
0.033405028,0.77082109
0.033504231,0.76928032
0.033604035,0.7678632
0.033704638,0.76657939
0.033804342,0.76510549
0.033904845,0.76337682
0.034004948,0.7616379
0.034104852,0.76000828
0.034204756,0.7584565
0.034304358,0.75702902
0.034404962,0.75563001
0.034504166,0.75404294
0.034604969,0.75241693
0.034704572,0.75074487
0.034804676,0.74905748
0.034904579,0.74734313
0.035004682,0.74571436
0.035104386,0.74435013
0.035204689,0.74300672
0.035304592,0.74141731
0.035404496,0.73994933
0.0355048,0.738819
0.035604902,0.73767071
0.035704306,0.73617234
0.035804409,0.73416858
0.035904612,0.73245024
0.036003916,0.73056275
0.036103819,0.72847292
0.036204123,0.72631087
0.036304926,0.72472722
0.03640413,0.72313332
0.036504233,0.72198136
0.036604637,0.72146433
0.03670454,0.72026913
0.036804843,0.71828363
0.036905047,0.71549505
0.037004949,0.7139934
0.037104854,0.7126971
0.037204957,0.71100539
0.03730436,0.70872471
0.037404563,0.70649299
0.037505167,0.70496705
0.03760497,0.70374654
0.037704873,0.702719
0.037804976,0.70106293
0.03790468,0.69894718
0.038004583,0.69709042
0.038104687,0.69534169
0.03820479,0.69354069
0.038304594,0.69169817
0.038404797,0.68906982
0.038505401,0.687175
0.038604504,0.68586933
0.038704708,0.68396849
0.038804711,0.68186372
0.038904413,0.67992503
0.039004718,0.67872969
0.03910482,0.67763768
0.039204724,0.67605829
0.039304827,0.67447753
0.039404731,0.67228324
0.039504834,0.66935678
0.039604738,0.66650902
0.039705041,0.66423754
0.039804945,0.66260697
0.039904548,0.66065698
0.040005051,0.65873101
0.040104754,0.65650874
0.040204858,0.65467306
0.040304562,0.652436
0.040404465,0.64966966
0.040504568,0.64713595
0.040816868,0.63903911
0.043722322,0.56931573
0.046086721,0.5157876
0.049471058,0.47727774
0.053758338,0.47597027
0.058101961,0.49932099
0.062073823,0.51832918
0.067202269,0.56548039
0.070088155,0.61199421
0.0740025,0.67814318
0.081755059,0.78278548
0.092003107,0.89591042
0.097098269,0.96357795
0.10250346,1.089581
0.109653786,1.2697829
0.116203928,1.4152583
0.121604103,1.5247536
0.12407138,1.5701942
0.133604513,1.7326671
0.140304739,1.8391299
0.140655101,1.8451791
0.161096201,2.1267853
0.171663837,2.2489783
0.183864919,2.3714873
0.190566437,2.4380879
0.192886514,2.4627742
0.195966618,2.4967446
0.199046723,2.529583
0.202126827,2.5577295
0.205206932,2.5802986
0.208287033,2.5989867
0.21137714,2.6197086
0.214457243,2.6393963
0.217537345,2.6576943
0.22061745,2.6773275
0.223697557,2.6958045
0.226777658,2.7153027
0.229857762,2.7374869
0.232947868,2.7603096
0.23602797,2.7812843
0.239108077,2.8030147
0.242188181,2.8258937
0.245268285,2.8504367
0.248348388,2.8765733
0.251428494,2.9032963
0.254518594,2.9303378
0.257598702,2.9559273
0.260678802,2.979005
0.263758909,2.9982447
0.26684901,3.0126255
0.269919115,3.021569
0.273009223,3.0270447
0.276089326,3.0314969
0.279169428,3.0351181
0.282249534,3.0387429
0.285339638,3.0425312
0.288409743,3.0467103
0.291489843,3.0522426
0.294569947,3.0575947
0.297660054,3.061814
0.300740159,3.065717
0.303820261,3.0691645
0.306900365,3.0721648
0.309990468,3.0753112
0.313060574,3.0781455
0.316150675,3.0804933
0.319230779,3.0822302
0.322310882,3.0809211
0.32540099,3.083258
0.328471096,3.0896464
0.3315612,3.0937649
0.334631304,3.0971351
0.337721404,3.0997297
0.340801515,3.1021857
0.343881613,3.1048714
0.346971716,3.107575
0.350041824,3.1105239
0.353121926,3.1144074
0.356212027,3.1194011
0.359292132,3.1257475
0.362372241,3.1330714
0.365462339,3.1397585
0.368532445,3.1434721
0.371612552,3.1429499
0.374702651,3.1399075
0.377782759,3.13664
0.38086286,3.1338645
0.383942967,3.1323698
0.387033074,3.1317912
0.390113181,3.1312955
0.393193284,3.131081
0.39627339,3.1308603
0.399343484,3.1309856
0.402433591,3.1319246
0.405513699,3.1336172
0.4086038,3.1355566
0.411673903,3.1371398
0.414764014,3.1390189
0.417834111,3.1403732
0.420934219,3.140852
0.424014321,3.1416711
0.427094424,3.1430398
0.430174525,3.1444123
0.433254631,3.1459438
0.436334734,3.1478388
0.439414837,3.1498741
0.44250495,3.1518945
0.445575042,3.1537439
0.448655154,3.1558017
0.451745258,3.1576952
0.454825358,3.1595769
0.457895472,3.1617534
0.46097557,3.1639586
0.464065666,3.1662121
0.467145771,3.1685883
0.470225889,3.1709617
0.473315994,3.1730709
0.476386093,3.1751568
0.479486192,3.1773739
0.482566304,3.1793788
0.485646407,3.1812584
0.488726509,3.1830824
0.491806617,3.1849169
0.494886719,3.1867842
0.497966821,3.1885405
0.501046927,3.1904006
0.504127019,3.1923821
0.507217137,3.1943148
0.510287231,3.1960691
0.513367337,3.1977945
0.516447439,3.1997522
0.519547546,3.2013251
0.522607655,3.2028325
0.525687754,3.2045777
0.528787865,3.2062663
0.531867962,3.2079802
0.534948073,3.209522
0.538028179,3.2108588
0.541108274,3.2121926
0.544198373,3.2137036
0.547268475,3.2151654
0.550358584,3.2164481
0.553428693,3.2178038
0.556508792,3.2193474
0.559598891,3.2207717
0.562688995,3.2219756
0.565769111,3.2232025
0.568839205,3.2244631
0.571929319,3.2258193
0.575009424,3.2270178
0.578089513,3.2279606
0.58117962,3.2293917
0.584249744,3.2305621
0.587319841,3.2314744
0.590429936,3.2327471
0.593510037,3.2338727
0.596590146,3.2350077
0.599650241,3.2360375
0.602740366,3.2369532
0.605830471,3.2379426
0.60889055,3.2390503
0.61199067,3.2401882
0.615060758,3.2410615
0.618150862,3.2420111
0.621220966,3.2430089
0.62432109,3.2441777
0.62738119,3.2451443
0.630471307,3.2457727
0.633571391,3.246805
0.636631495,3.2475048
0.639711599,3.2475341
0.642801722,3.247957
0.645881801,3.2488167
0.648951932,3.2495081
0.65206202,3.2499411
0.655132127,3.250363
0.658222231,3.2511063
0.661272347,3.2516824
0.664362432,3.2520547
0.667472549,3.2526268
0.670542649,3.2532607
0.673632741,3.2538363
0.676682854,3.2543927
0.679762951,3.2550031
0.682873058,3.2556041
0.685933155,3.2563176
0.68902329,3.256493
0.692093368,3.2564951
0.695203479,3.2574854
0.698253571,3.2579486
0.701333679,3.2581208
0.704443803,3.2584943
0.707503907,3.2587972
0.710583994,3.2593411
0.713694097,3.2601383
0.71674419,3.2605995
0.719864306,3.2607419
0.722924398,3.2610237
0.726014529,3.2611768
0.729094617,3.2615427
0.732194724,3.2621604
0.735274822,3.2621098
0.738334949,3.262159
0.741435063,3.2624372
0.744505166,3.263101
0.747595255,3.2635974
0.750675376,3.2639652
0.753735478,3.2643906
0.75681555,3.264273
0.759925649,3.2647308
0.76301577,3.2646408
0.766075882,3.2651148
0.769165981,3.2654276
0.772226084,3.2654043
0.775326196,3.2655078
0.778386299,3.2651275
0.781476416,3.2647451
0.784546484,3.2644301
0.787636616,3.265574
0.790696722,3.2657811
0.793786798,3.2651013
0.796896921,3.2651539
0.799987014,3.2659519
0.803037133,3.2658503
0.806117204,3.2647562
0.80922733,3.2651908
0.812297415,3.2655645
0.815397533,3.2638754
0.818467641,3.2626313
0.821557744,3.2642715
0.824617845,3.2658418
0.827697955,3.2675823
0.830808063,3.2689639
0.833878141,3.2684165
0.836978281,3.2687056
0.840038377,3.2689761
0.843118466,3.2688435
0.846168554,3.2672568
0.849298674,3.2659529
0.852338758,3.2665033
0.855448904,3.266478
0.858528977,3.2662959
0.861579098,3.2655064
0.864699212,3.2650369
0.867789282,3.2649115
0.870829398,3.2651699
0.873899512,3.2644324
0.876989614,3.2643585
0.880109706,3.2661594
0.883179849,3.2682804
0.886269903,3.2684063
0.889320031,3.2674995
0.892400153,3.2687254
0.895490238,3.2696496
0.898600363,3.2692748
0.901680426,3.2693817
0.904770584,3.2700651
0.907810667,3.2689283
0.910880752,3.2683923
0.913970864,3.2718759
0.917080996,3.2741116
0.920141068,3.2713351
0.923231187,3.2691746
0.926331264,3.2689769
0.929381375,3.2689763
0.932461527,3.2688371
0.935561598,3.2688043
0.938671691,3.2693007
0.941741796,3.268733
0.944821898,3.2685492
0.947861992,3.2693878
0.950982106,3.2703781
0.954062257,3.2687369
0.958084837,3.2666505
0.982069227,3.2670449
1.011108587,3.2664471
1.050239866,3.2648281
1.078434146,3.2627348
1.110322927,3.2605
1.137113766,3.259686
1.163523243,3.2598575
1.18320956,3.2591412
1.201105734,3.2578341
1.221427872,3.2553361
1.245388761,3.2534577
1.276565419,3.2525797
1.31315275,3.2511263
1.338913016,3.2503648
1.366384642,3.2500948
1.392984344,3.2496165
1.425495353,3.248445
1.453325577,3.24706
1.494432372,3.2438567
1.544120347,3.2401378
1.591303846,3.2356417
1.644212642,3.2299894
1.698880579,3.2242112
1.746932913,3.2193995
1.785204804,3.2158357
1.837910179,3.2110812
1.883081013,3.2073557
1.94062203,3.203265
1.997915867,3.1992451
2.054426298,3.1953873
2.101963904,3.1922363
2.156218913,3.1885755
2.199861381,3.1860895
2.429650062,3.1759146
2.543843658,3.1711057
2.663404256,3.1668313
2.788584262,3.1628179
2.919647745,3.1589811
3.056871156,3.1552575
3.200544168,3.1515854
3.350969721,3.1478924
3.508465264,3.1440746
3.673363166,3.1398963
3.850635168,3.134977
4.027050139,3.1293334
4.210417863,3.1246674
4.415143489,3.1230556
4.508493282,3.1243572
4.628581651,3.1240439
4.853639883,3.1181008
5.061051719,3.112446
5.307138101,3.1066314
5.55028205,3.0994586
5.834224378,3.0846335
6.036399821,3.057423
6.097766921,3.0368797
6.135176231,3.020115
6.17304738,3.003439
6.211389907,2.9882565
6.250211094,2.9841296
6.289520279,3.0128543
6.309361036,3.0485612
6.31932843,3.0734334
6.32932769,3.1008929
6.339357996,3.1296001
6.349421444,3.1581193
6.369642207,3.2038132
6.410472586,3.2472883
6.451830807,3.2488695
6.493725472,3.2343962
6.536168809,3.2178435
6.579169224,3.2029603
6.622740586,3.1902302
6.673694358,3.1780608
6.711635711,3.1702199
6.756985335,3.1621682
6.802950851,3.1550242
6.849546405,3.1485927
6.896785039,3.1427125
6.944678605,3.1372549
7.000236256,3.1314251
7.042490974,3.127239
7.092438527,3.1225277
7.143098393,3.1179314
7.194488008,3.1134008
7.246621558,3.1088904
7.299516606,3.1043574
7.353189523,3.0997605
7.407657151,3.0950579
7.468926054,3.089684
7.51905094,3.0851724
7.57601391,3.0798976
7.633845611,3.0743317
7.692567978,3.0684166
7.752199807,3.0620846
7.812763868,3.0552568
7.874282194,3.0478398
7.936775993,3.0397202
8.000270201,3.030737
8.090888148,3.0165435
8.183582447,2.9997936
8.285283969,2.9783143
8.37730883,2.955113
8.467685917,2.9281883
8.554608854,2.897687
8.643333668,2.8623178
8.73128019,2.8261654
8.810869639,2.801629
8.849857048,2.7949255
8.889189112,2.7997208
8.928872349,2.8211754
8.968912781,2.8659931
9.009313289,2.939414
9.049940689,3.0408709
9.091216137,3.1607008
9.111925058,3.2256006
9.132728539,3.287066
9.153627232,3.3435915
9.17462179,3.3936212
9.216901153,3.4672725
9.259571991,3.5113863
9.30263907,3.5313017
9.337383521,3.5344324
9.37238777,3.5308025
9.392741472,3.525791
9.434280897,3.5144315
9.470016809,3.5022849
9.506023749,3.4894562
9.54230628,3.4764465
9.578867577,3.4636152
9.615710121,3.4511822
9.652835667,3.439284
9.6862654,3.4290651
9.727954247,3.4172356
9.765954835,3.4071046
9.804253472,3.397575
9.842852117,3.3886081
9.881756671,3.3801712
9.920969991,3.3722286
9.960495768,3.3647394
10.00033775,3.357608
10.10135126,3.341954
10.2044246,3.3280805
10.41884191,3.3058938
10.58236709,3.2923763
10.73456261,3.2820167
10.8699371,3.2741558
11.00037161,3.2675488
11.18605811,3.2595203
11.37469401,3.2526054
11.54772982,3.2471372
11.69662477,3.2429777
11.84874028,3.2391729
12.00040491,3.2357515
12.25531345,3.2307361
12.52365302,3.2262242
12.7818717,3.2224784
13.00043904,3.2196759
13.33163019,3.2159804
13.62464017,3.2131409
14.00047283,3.2099807
15.00050669,3.2035901
15.49802343,3.2011169
16.0005404,3.1989917
16.5312283,3.1970651
17.00057412,3.1955793
17.58641406,3.193964
18.00060789,3.1929521
18.50510509,3.191846
19.0006416,3.1908736
19.5250695,3.1899501
20.0006755,3.1891914
21.53810759,3.1871725